2.3
1.3
2.3
1.3
4.3
33.3
21.2
2121.2
2.3
1.3
4.3
33.3
21.2
2121.2
2.3
1.3
4.3
33.3
21.2
2121.2
2.3
1.3
4.3
33.3
21.2
2121.2
4.3
33.3
21.2
2121.2
1.2
1.5
-2.3
3.3
1.333
3.115
1.3
1.4
1.5
3.4
4.5
9.9
11.2
21.2
2121.2
0.0001
1.2
1.5
-2.3
3.3
1.333
3.115
1.3
1.4
1.5
3.4
9.9
11.2
21.2
9.9
11.2
21.2
2121.2
0.0001
2121.2
9.9
11.2
21.2
2121.2
0.0001
9.9
11.2
21.2
2121.2
0.0001
0.0001
4.5
9.9
11.2
21.2
2121.2
0.0001
2.3
1.3
4.3
33.3
21.2
2121.2
0.0001
2.3
1.3
4.3
33.3
21.2
2121.2
0.0001
2.3
1.3
4.3
33.3
21.2
2121.2
0.0001
2.3
1.3
4.3
33.3
21.2
2121.2
2.3
1.3
4.3
33.3
21.2
2121.2
2.3
1.3
4.3
33.3
21.2
2121.2
2.3
1.3
4.3
33.3
21.2
2121.2
2.3
1.3
4.3
33.3
21.2
2.3
1.3
4.3
33.3
2.3
1.3
4.3
33.3
21.2
2121.2
21.2
2121.2
2121.2
0.0001
2.3
1.3
4.3
33.3
21.2
2121.2
0.0001
2.3
1.3
4.3
33.3
2.2
2.2
2.3
2.1
1.4
1.3
55.0
0.3421
1.3
4.3
33.3
21.2
2121.2
0.0001
2.3
1.3
4.3
33.3
2.2
2.2
2.3
1.3
4.3
33.3
21.2
2121.2
0.0001
2.3
1.3
4.3
33.3
2.2
1.3
4.3
33.3
21.2
2121.2
0.0001
2.3
1.3
4.3
33.3
2.2
2.2
2.3
2.1
1.3
4.3
33.3
21.2
2121.2
0.0001
2.3
1.3
4.3
33.3
2.2
2.2
2.3
2.1
1.4
1.3
55.0
0.3421
1.3
4.3
33.3
21.2
2121.2
0.0001
2.3
1.3
4.3
33.3
2.2
2.2
2.3
2.1
1.4
1.3
55.0
0.3421
1.3
4.3
33.3
21.2
2121.2
0.0001
2.3
1.3
4.3
33.3
2.2
2.2
2.3
2.1
1.4
1.3
2.3
1.3
2.3
1.3
4.3
33.3
21.2
2121.2
2.3
1.3
4.3
33.3
21.2
2121.2
2.3
1.3
4.3
33.3
21.2
2121.2
2.3
1.3
4.3
33.3
21.2
2121.2
4.3
33.3
21.2
2121.2
1.2
1.5
-2.3
3.3
1.333
3.115
1.3
1.4
1.5
3.4
4.5
9.9
11.2
21.2
2121.2
0.0001
1.2
1.5
-2.3
3.3
1.333
3.115
1.3
1.4
1.5
3.4
9.9
11.2
21.2
9.9
11.2
21.2
2121.2
0.0001
2121.2
9.9
11.2
21.2
2121.2
0.0001
9.9
11.2
21.2
2121.2
0.0001
0.0001
4.5
9.9
11.2
21.2
2121.2
0.0001
2.3
1.3
4.3
33.3
21.2
2121.2
0.0001
2.3
1.3
4.3
33.3
21.2
2121.2
0.0001
2.3
1.3
4.3
33.3
21.2
2121.2
0.0001
2.3
1.3
4.3
33.3
21.2
2121.2
2.3
1.3
4.3
33.3
21.2
2121.2
2.3
1.3
4.3
33.3
21.2
2121.2
2.3
1.3
4.3
33.3
21.2
2121.2
2.3
1.3
4.3
33.3
21.2
2.3
1.3
4.3
33.3
2.3
1.3
4.3
33.3
21.2
2121.2
21.2
2121.2
2121.2
0.0001
2.3
1.3
4.3
33.3
21.2
2121.2
0.0001
2.3
1.3
4.3
33.3
2.2
2.2
2.3
2.1
1.4
1.3
55.0
0.3421
1.3
4.3
33.3
21.2
2121.2
0.0001
2.3
1.3
4.3
33.3
2.2
2.2
2.3
1.3
4.3
33.3
21.2
2121.2
0.0001
2.3
1.3
4.3
33.3
2.2
1.3
4.3
33.3
21.2
2121.2
0.0001
2.3
1.3
4.3
33.3
2.2
2.2
2.3
2.1
1.3
4.3
33.3
21.2
2121.2
0.0001
2.3
1.3
4.3
33.3
2.2
2.2
2.3
2.1
1.4
1.3
55.0
0.3421
1.3
4.3
33.3
21.2
2121.2
0.0001
2.3
1.3
4.3
33.3
2.2
2.2
2.3
2.1
1.4
1.3
55.0
0.3421
1.3
4.3
33.3
21.2
2121.2
0.0001
2.3
1.3
4.3
33.3
2.2
2.2
2.3
2.1
1.4
1.3
54.3
1.3