0.000000 538.225012
0.000000 67.278127
0.000000 8.409766
0.000000 1.051221
0.000000 0.131403
0.000000 0.016425
0.000000 0.002053
0.000000 0.000257
0.000000 0.000032
0.000000 0.000004
0.000000 0.000001
0.000000 0.000000
0.000000 0.000000
0.000000 0.000000
0.000000 0.000000
0.000000 0.000000
0.000000 0.000000
0.000000 0.000000
0.000000 0.000000
0.000000 0.000000
0.000000 0.000000
0.000000 0.000000
0.000000 0.000000
0.000000 0.000000
0.000000 0.000000
0.000000 0.000000
0.000000 0.000000
0.000000 0.000000
0.000000 0.000000
0.000000 0.000000
0.000000 0.000000
0.000000 0.000000
0.000000 0.000000
0.000000 0.000000
0.000000 0.000000
0.000000 0.000000
0.000000 0.000000
0.000000 0.000000
0.000000 0.000000
0.000000 0.000000
0.000000 0.000000
0.000000 0.000000
0.000000 0.000000
0.000000 0.000000
0.000000 0.000000
0.000000 0.000000
0.000000 0.000000
0.000000 0.000000
0.000000 0.000000
0.000000 0.000000
0.000000 0.000000
0.000000 0.000000
0.000000 0.000000
0.000000 0.000000
0.000000 0.000000
0.000000 0.000000
0.000000 0.000000
0.000000 0.000000
0.000000 0.000000
0.000000 0.000000
0.000000 0.000000
0.000000 0.000000
0.000000 0.000000
0.000000 0.000000
57.224158 -0.008848
7.153020 -0.001106
0.894127 -0.000138
0.111766 -0.000017
0.013971 -0.000002
0.001746 -0.000000
0.000218 -0.000000
0.000027 -0.000000
0.000003 -0.000000
0.000000 -0.000000
0.000000 -0.000000
0.000000 -0.000000
0.000000 -0.000000
0.000000 -0.000000
0.000000 -0.000000
0.000000 -0.000000
0.000000 -0.000000
0.000000 -0.000000
0.000000 -0.000000
0.000000 -0.000000
0.000000 -0.000000
0.000000 -0.000000
0.000000 -0.000000
0.000000 -0.000000
0.000000 -0.000000
0.000000 -0.000000
0.000000 -0.000000
0.000000 -0.000000
0.000000 -0.000000
0.000000 -0.000000
0.000000 -0.000000
0.000000 -0.000000
0.000000 -0.000000
0.000000 -0.000000
0.000000 -0.000000
0.000000 -0.000000
0.000000 -0.000000
0.000000 -0.000000
0.000000 -0.000000
0.000000 -0.000000
0.000000 -0.000000
0.000000 -0.000000
0.000000 -0.000000
0.000000 -0.000000
0.000000 -0.000000
0.000000 -0.000000
0.000000 -0.000000
0.000000 -0.000000
0.000000 -0.000000
0.000000 -0.000000
0.000000 -0.000000
0.000000 -0.000000
0.000000 -0.000000
0.000000 -0.000000
0.000000 -0.000000
0.000000 -0.000000
0.000000 -0.000000
0.000000 -0.000000
0.000000 -0.000000
0.000000 -0.000000
0.000000 -0.000000
0.000000 -0.000000
0.000000 -0.000000
0.000000 -0.000000
-32.879687 527.662500
-4.109961 65.957813
-0.513745 8.244727
-0.064218 1.030591
-0.008027 0.128824
-0.001003 0.016103
-0.000125 0.002013
-0.000016 0.000252
-0.000002 0.000031
-0.000000 0.000004
-0.000000 0.000000
-0.000000 0.000000
-0.000000 0.000000
-0.000000 0.000000
-0.000000 0.000000
-0.000000 0.000000
-0.000000 0.000000
-0.000000 0.000000
-0.000000 0.000000
-0.000000 0.000000
-0.000000 0.000000
-0.000000 0.000000
-0.000000 0.000000
-0.000000 0.000000
-0.000000 0.000000
-0.000000 0.000000
-0.000000 0.000000
-0.000000 0.000000
-0.000000 0.000000
-0.000000 0.000000
-0.000000 0.000000
-0.000000 0.000000
-0.000000 0.000000
-0.000000 0.000000
-0.000000 0.000000
-0.000000 0.000000
-0.000000 0.000000
-0.000000 0.000000
-0.000000 0.000000
-0.000000 0.000000
-0.000000 0.000000
-0.000000 0.000000
-0.000000 0.000000
-0.000000 0.000000
-0.000000 0.000000
-0.000000 0.000000
-0.000000 0.000000
-0.000000 0.000000
-0.000000 0.000000
-0.000000 0.000000
-0.000000 0.000000
-0.000000 0.000000
-0.000000 0.000000
-0.000000 0.000000
-0.000000 0.000000
-0.000000 0.000000
-0.000000 0.000000
-0.000000 0.000000
-0.000000 0.000000
-0.000000 0.000000
-0.000000 0.000000
-0.000000 0.000000
-0.000000 0.000000
-0.000000 0.000000
-9.788342 0.008848
-1.223543 0.001106
-0.152943 0.000138
-0.019118 0.000017
-0.002390 0.000002
-0.000299 0.000000
-0.000037 0.000000
-0.000005 0.000000
-0.000001 0.000000
-0.000000 0.000000
-0.000000 0.000000
-0.000000 0.000000
-0.000000 0.000000
-0.000000 0.000000
-0.000000 0.000000
-0.000000 0.000000
-0.000000 0.000000
-0.000000 0.000000
-0.000000 0.000000
-0.000000 0.000000
-0.000000 0.000000
-0.000000 0.000000
-0.000000 0.000000
-0.000000 0.000000
-0.000000 0.000000
-0.000000 0.000000
-0.000000 0.000000
-0.000000 0.000000
-0.000000 0.000000
-0.000000 0.000000
-0.000000 0.000000
-0.000000 0.000000
-0.000000 0.000000
-0.000000 0.000000
-0.000000 0.000000
-0.000000 0.000000
-0.000000 0.000000
-0.000000 0.000000
-0.000000 0.000000
-0.000000 0.000000
-0.000000 0.000000
-0.000000 0.000000
-0.000000 0.000000
-0.000000 0.000000
-0.000000 0.000000
-0.000000 0.000000
-0.000000 0.000000
-0.000000 0.000000
-0.000000 0.000000
-0.000000 0.000000
-0.000000 0.000000
-0.000000 0.000000
-0.000000 0.000000
-0.000000 0.000000
-0.000000 0.000000
-0.000000 0.000000
-0.000000 0.000000
-0.000000 0.000000
-0.000000 0.000000
-0.000000 0.000000
-0.000000 0.000000
-0.000000 0.000000
-0.000000 0.000000
-0.000000 0.000000
-0.000000 527.649987
-0.000000 65.956248
-0.000000 8.244531
-0.000000 1.030566
-0.000000 0.128821
-0.000000 0.016103
-0.000000 0.002013
-0.000000 0.000252
-0.000000 0.000031
-0.000000 0.000004
-0.000000 0.000000
-0.000000 0.000000
-0.000000 0.000000
-0.000000 0.000000
-0.000000 0.000000
-0.000000 0.000000
-0.000000 0.000000
-0.000000 0.000000
-0.000000 0.000000
-0.000000 0.000000
-0.000000 0.000000
-0.000000 0.000000
-0.000000 0.000000
-0.000000 0.000000
-0.000000 0.000000
-0.000000 0.000000
-0.000000 0.000000
-0.000000 0.000000
-0.000000 0.000000
-0.000000 0.000000
-0.000000 0.000000
-0.000000 0.000000
-0.000000 0.000000
-0.000000 0.000000
-0.000000 0.000000
-0.000000 0.000000
-0.000000 0.000000
-0.000000 0.000000
-0.000000 0.000000
-0.000000 0.000000
-0.000000 0.000000
-0.000000 0.000000
-0.000000 0.000000
-0.000000 0.000000
-0.000000 0.000000
-0.000000 0.000000
-0.000000 0.000000
-0.000000 0.000000
-0.000000 0.000000
-0.000000 0.000000
-0.000000 0.000000
-0.000000 0.000000
-0.000000 0.000000
-0.000000 0.000000
-0.000000 0.000000
-0.000000 0.000000
-0.000000 0.000000
-0.000000 0.000000
-0.000000 0.000000
-0.000000 0.000000
-0.000000 0.000000
-0.000000 0.000000
-0.000000 0.000000
-0.000000 0.000000
9.788342 0.008848
1.223543 0.001106
0.152943 0.000138
0.019118 0.000017
0.002390 0.000002
0.000299 0.000000
0.000037 0.000000
0.000005 0.000000
0.000001 0.000000
0.000000 0.000000
0.000000 0.000000
0.000000 0.000000
0.000000 0.000000
0.000000 0.000000
0.000000 0.000000
0.000000 0.000000
0.000000 0.000000
0.000000 0.000000
0.000000 0.000000
0.000000 0.000000
0.000000 0.000000
0.000000 0.000000
0.000000 0.000000
0.000000 0.000000
0.000000 0.000000
0.000000 0.000000
0.000000 0.000000
0.000000 0.000000
0.000000 0.000000
0.000000 0.000000
0.000000 0.000000
0.000000 0.000000
0.000000 0.000000
0.000000 0.000000
0.000000 0.000000
0.000000 0.000000
0.000000 0.000000
0.000000 0.000000
0.000000 0.000000
0.000000 0.000000
0.000000 0.000000
0.000000 0.000000
0.000000 0.000000
0.000000 0.000000
0.000000 0.000000
0.000000 0.000000
0.000000 0.000000
0.000000 0.000000
0.000000 0.000000
0.000000 0.000000
0.000000 0.000000
0.000000 0.000000
0.000000 0.000000
0.000000 0.000000
0.000000 0.000000
0.000000 0.000000
0.000000 0.000000
0.000000 0.000000
0.000000 0.000000
0.000000 0.000000
0.000000 0.000000
0.000000 0.000000
0.000000 0.000000
0.000000 0.000000
32.879687 527.662500
4.109961 65.957813
0.513745 8.244727
0.064218 1.030591
0.008027 0.128824
0.001003 0.016103
0.000125 0.002013
0.000016 0.000252
0.000002 0.000031
0.000000 0.000004
0.000000 0.000000
0.000000 0.000000
0.000000 0.000000
0.000000 0.000000
0.000000 0.000000
0.000000 0.000000
0.000000 0.000000
0.000000 0.000000
0.000000 0.000000
0.000000 0.000000
0.000000 0.000000
0.000000 0.000000
0.000000 0.000000
0.000000 0.000000
0.000000 0.000000
0.000000 0.000000
0.000000 0.000000
0.000000 0.000000
0.000000 0.000000
0.000000 0.000000
0.000000 0.000000
0.000000 0.000000
0.000000 0.000000
0.000000 0.000000
0.000000 0.000000
0.000000 0.000000
0.000000 0.000000
0.000000 0.000000
0.000000 0.000000
0.000000 0.000000
0.000000 0.000000
0.000000 0.000000
0.000000 0.000000
0.000000 0.000000
0.000000 0.000000
0.000000 0.000000
0.000000 0.000000
0.000000 0.000000
0.000000 0.000000
0.000000 0.000000
0.000000 0.000000
0.000000 0.000000
0.000000 0.000000
0.000000 0.000000
0.000000 0.000000
0.000000 0.000000
0.000000 0.000000
0.000000 0.000000
0.000000 0.000000
0.000000 0.000000
0.000000 0.000000
0.000000 0.000000
0.000000 0.000000
0.000000 0.000000
-57.224158 -0.008848
-7.153020 -0.001106
-0.894127 -0.000138
-0.111766 -0.000017
-0.013971 -0.000002
-0.001746 -0.000000
-0.000218 -0.000000
-0.000027 -0.000000
-0.000003 -0.000000
-0.000000 -0.000000
-0.000000 -0.000000
-0.000000 -0.000000
-0.000000 -0.000000
-0.000000 -0.000000
-0.000000 -0.000000
-0.000000 -0.000000
-0.000000 -0.000000
-0.000000 -0.000000
-0.000000 -0.000000
-0.000000 -0.000000
-0.000000 -0.000000
-0.000000 -0.000000
-0.000000 -0.000000
-0.000000 -0.000000
-0.000000 -0.000000
-0.000000 -0.000000
-0.000000 -0.000000
-0.000000 -0.000000
-0.000000 -0.000000
-0.000000 -0.000000
-0.000000 -0.000000
-0.000000 -0.000000
-0.000000 -0.000000
-0.000000 -0.000000
-0.000000 -0.000000
-0.000000 -0.000000
-0.000000 -0.000000
-0.000000 -0.000000
-0.000000 -0.000000
-0.000000 -0.000000
-0.000000 -0.000000
-0.000000 -0.000000
-0.000000 -0.000000
-0.000000 -0.000000
-0.000000 -0.000000
-0.000000 -0.000000
-0.000000 -0.000000
-0.000000 -0.000000
-0.000000 -0.000000
-0.000000 -0.000000
-0.000000 -0.000000
-0.000000 -0.000000
-0.000000 -0.000000
-0.000000 -0.000000
-0.000000 -0.000000
-0.000000 -0.000000
-0.000000 -0.000000
-0.000000 -0.000000
-0.000000 -0.000000
-0.000000 -0.000000
-0.000000 -0.000000
-0.000000 -0.000000
-0.000000 -0.000000
-0.000000 -0.000000
